$ANSIBLE_VAULT;1.1;AES256
37656164316561363762636438623338303062306137623337646534363466656165656530613638
6633373666396466393135313131613132313435313164310a656139396338313434306138633436
64346663616365646233386330376631663238373438323636626261383964303334363336663339
6439356134326462300a393836613136383834313031303534346336396436383436643433346237
30363534643734353135666133653235306531616236313736356433653539616661306432353634
63666135623662363464356337333264313037636164333361653764653836383233623438386165
36363565363762386164333736366333393063633764343030663561616233333737636162323233
37376636636437333735376264346436316137373134643965393330643566653631613263306537
66663366623163376339643965623464333136356233313331316566653136653737313135623530
36386563373164343066653761613638376231613863326166643865336133396230666564303666
63376330663766653332646664646139646539356461383737373235616338633732633135333036
66393532353638613538313134643437393035656532393136303863613534346233363132353130
36396431646666306635373136363136333865323763306635386162363935323934373932373962
31666664313361396436663131343132303364383933363531326633663966363836633537376531
38653439373136383436343534363635653637353538346236366666623538346532326565666363
62646564663161336630343064663762623465623939363362663037633061333164373230313562
64333664306131396263333831663234666364383239346132646439316430613264613564373035
30396266343838623331363662326637303435653835333637633938366634333934623361343761
39633063366561313434653230376563333733326136663161633335313065366333336364363963
39376262626165336333633939643238383237343132383335366662613434616131353439363036
39613738666232643166363532376166643930653563346165623264313539333266656632626132
31613665356566306366383265656338316461656236636436376231383931633463313530656361
63666532316163636430613434303765303866386136393939613036653138616439663861656266
31323061373861343731373166613633343539323038373932306161313663306432396462343032
65613164333461663363636563346537353737633836643562363931346139346135646532613862
33616634643838343230643933333864623735343731623634373063333938646134346430376434
35623537633164363537393938383230633631386133353865663930333938386230613466313934
66303130323630646531393462633234666435633464356536316666373236346234653264373036
39336238366535643530633034376132323961656361353431643663653564316131643434633065
31653231316464303738383162383131633264326135336134383665353966613735326437623136
34306161633362666366303666633534383465323338393461306264386535363135653262383133
66666136316166646365663433626137363363393236383161346539623836376331346662303663
65323136666131646331323065363137326462356538663962613139376639373033643362393134
33663031633061316536323163313065346231353763376237316161666439303833393130336265
63333262343237363461383635323934363936623364383139316361333863333737303835333231
35656236386536663433356563663365316661306531343262373934313661616564336237333663
39373537353162653932376633393834396437336337633265313637613236376430663462393935
38336336393835353261393538666337316333336261623239376635633738653865376534386465
64646231653363363061306531393766343434623632396364396530336136333636663136363164
35346562363161313135333064353937326364313231343739636437656461616164336238383637
36316239613165393132323866623235663164623362366630313364383063656561346138386132
63373963306237313266613738326633363764316533633835313463303963383864333834313535
66656363353865316262656236656265653663396532623938663438383861353534643865356463
66353430373961356530613931656230346437623665643166663438303932363462356634393463
39306433353861323737376263303365643866373738623230323633383532333361646335323164
62373535366361623035303732613134616531656437653064303833333734356439636433363665
61366265663665616465376261326531316162373036326635646236393465353037346163623934
33393032623733336161633635656265393735326333326566626665666231663834333633353465
34666236353932376433373162313730343961383632633765396430656338303832323433363339
37323737343461353439336232303632393365336535343136303530616664326236623565373034
30343165366232306366346239393133626136336530343263313562333933383334373533626563
62336535346539363532383636316134323132623762323639636339346166306336623662343037
37363366666638623861393739313365656230306436363532653836663030623463386633653662
31393234633761313536313762316565356665663736636363383866383232326264643464306364
66373830333530303462373335373565323962336161306631313763626634346430613233363033
63383733656635363636636330373432303835303962653432356164363963326636663233316133
64306235353231393533373431616239353632353366623534303532623162323062356232393433
63313763623365316361633163346164333539343665623662363732646231636133393666383265
33626166616438306532323466353437316433393564376266393938643130643861656537396564
39393961643239643063303963636638333762646662653437353266643230343863613138386336
34366638333362646537306636363439353939653439303561303064353431366138313039373566
31303835363365306337326533346530613732333361363139303133643530613933616361383366
34306262626131313632343832303935653665303839313530383362356430333935666636386533
61306136353365366266333531393034323032343037636134656230623230343264666366626138
62343636646439666235383065343733303864323733616337663764373730653434333761353836
63356231343932663833653038373365613736373938333865383637306438626137303230616663
31636363653131343334653731636633613263383539666265626437623834613964633539386635
35373965303936613266353335663838643432313433643033363730613631613933363566306635
38343761346631323837373434336531393335643736343131313664636531366138656334316162
61386438663265303639383939343136356431623930653239616331636162633736353233313363
61636230353563336339663666636163656265363633356162656663323564613933613035336532
39613239306162653134613934356362613834373663386636363234366163396434343664353331
37303835633235373234353964323035353937653833333632363938333364313339383633313262
34393535653264313038373530356130346439373934323861373463323462313134373831633431
65643837343266323534633466643564383435396662646532636239393034643131653934383131
30613633326565653238636439356330626530623536636235373534616331373535393465656164
62323166376238626538633137633366333030666166333336353234666562666265393033363361
38343663326436376633616564646234343230636563323765326236393033663861666536316566
32643863313132363738346437633161323531303936343330366234643761633666653035376134
38376336386262616336643633316163363835646131636262343735306536616139316239303530
66316461343832333430643465323730663630613434633630316538353939316437313730613735
36336536343066366664323132343962633232623030383265383932356132373063346138373661
38326533356664653466386639623733323336366233383366343564336136623366333137626636
35323732383439333031653432636434373137353835613566316231663461363466363563376533
33653563623333306330363839346463373162653435396138313462353662313835613735336264
39363130316331303132303664333933333238373861313362313265353866663634313066396534
39376638373831353563656535643665396539396132386461323466326435613762646637373062
35396266356137323436633966366662333963393537306530396338316232643362343236306264
63323434666338343164613232396666333935656635373436313563333439373830323436336431
63666532346332363866306538643536353865373666373361623966366433343530373766653835
65383437333833363130386261626433666664316336306265333837373163323462363133316631
39393031386139643862393637656531363436356133383530373338383864313632643932346630
61366332353534653334373238306139323232333361396533373861353534326564663734663634
39393735646532663063353264343161386132356435313365356566343033316237653963663835
30623336353534356137646565646363666530396431376330303137643439386566646464643461
62323238386331653531613136333939633066333739373465643731383366613062663839666165
61343533353234333535326263666464343539393035356237363264326266373431623739306531
38653731396237303261346232336136646464633062353464616233613431346534313834353230
30613630656465323264396433326639613130653437343766343332316531353134363833623530
64326630356166313138356631346663343436336464343538643836306561313865323735626463
31663930373537646437333634383132393034363533363530313135373162386433633034613061
37373530346437333763623835343138616434366538323838636535393162333234366562326164
63613035643934396536306339333730323934333233616466373436346138353163363361383234
66656634336131366231373236323663306334353432633234316134383437316664316131666239
62646639623235306166363539633930626239363462633863323632656163386331383061396263
34373833616262356131656264333166373032313135653934643163366461666636313133333765
61323136613238313333346164623164383139313338323739373832316131386233373435643663
66663534646466373237323362666339353461316633333065376632636661386132376531353864
33666331386463356435663531643265303934636365363832636163366363366432663439306536
31306464393661646435383532386163633532306361393864626266636136623337623663326664
35373266623835373338636261666235396631613036396662623834366636613964343363303534
65343730343561616233396232623231313132386363326662313131616136653437396336313138
30373336616461316563623637386538393735646261313032633563386361653538343163356534
33386134323734353931356464646531653336666236323438326364643335393430653462383230
30346233323861393261336561343864623734373139323436323563366639633135323864653034
64333363623465333931656164643534323532333963663236343837353565343832313063343533
64623438366434636233323632393437316138336333653732343865313832336331366436303635
61643535356363666335613266396361366436336138633639613066336632353165316566343661
61653836633831316633306435323034643162623539313766653739376437373864643235333030
61396563616531393934393361316330396439633239616336346232613631613938353961363639
65656238613338653937396162363530613739663763373565383937326430626236316137663462
64643135653066353538343034373334393664616332613737373665353633303534373332373932
63303332323635666231653133643638303463356166313533343039343566383566366462623635
30656662646132346366366264336462313133373034663264373738333565356137623730623430
62376435643239643631643030366231666632323262623432643562623633623662666438343761
62333732313036343938343262663861633065303132666539376362613962386663646136356339
62363632326638383363333632643565313232366532613862313731316339303035343562383938
66653762623532313035666335626336353638393131396461376233376536316630643966303639
30336136613866343133383561343261316336346435303564613464613361616432613162303664
37316361306661623035383931613339386562613263306538303862306632376638346166386166
34383364363764613531663934383831353839613664376139656262366131636337336535653765
33623034366134346366373064636534383930653962333631306166333332383237633332653666
39643130303934616661333432303234333438306136616566633835653361616535653431626332
35616361656261393537616166336237313163373832303932333162326230303131613830633530
61303735366531386661343736646435326230326133366161633463323037326334363661303833
64386330386665376466373632336465353230383663623839396466366163663763316566363633
66326538666332363166666637373333643262663630616263396134636164373330343438386531
63393362626463656239663363636132663565613034363165383237626334386334303038393534
63626431363633633065373434646561376232373339353931623863393464333630346338303436
33613434336430653861376334333462653035303966316133643066343465356430333636653433
38303566336264346235656264393036343963363439373364613939616232336463356563343437
36636664666431663332626130636432373063343466356166626430643534363161333961383330
31646433663334336166346230666330353765376435353035623031646534313434623065333664
34323031346230353761616537613239326461336232633435323130363739323763643831346666
39393237376239363561653132376364393161626563363866656635633937656235383133303032
64306131383639633132316165613464633032383839623630643164373761653665376335333736
61613339363535313431623563353265666464323035373864623735383930313765326264353837
32386639393165366138626633373939396339333738633230336530626261303862393339316138
36323364366634383136633637333036356231323865373331626137633863313135393363316331
31666465616636663032396265343765363564373733353134626566623638383233343433373761
61653062636635323838323233323863643861323061653666373235646530623938333436663538
39333839383630623534653761373366656234636363303238363237613130336135303834653234
39653130653831346533363036646230363462396433393439633639666237393435373338383965
37393330666630663035613530326235643632653861313634336236313266656335363062363763
30356163333037613262313966386433633863333539323432323564633336336534353331333735
62373932333035303435383963373836666431626538393737653439656232653538326466326333
39343964653131353964366136373339303664303133303862383232313464326330343432373333
39656437393136656435353062373435336363383938396633306139323831343263303731616564
30316237613538616662353033353034326638323265383039373636333437653663383831633037
33316637356237333130356630393966613536333566306137656162666633386162393061303839
31366561643632303235333265343432646637376161346263343433343662613133353233383463
39353962633265346666646334313565313730663738613739613037363633626630653135663266
33653831326362633663303436363133323634303133336565346533303165633765643339306239
39346230353637633537333834643963386366363534366133363366623364323538663737666665
30653662343837643138356164633430616165366165396636636366663435336562656636333239
65333664623664613766636235333439393333646132323739623630373434653530306561353535
35383135616533356362396534613939356336316339636535316664363636363661386639316333
35363761353139353564323265313865613935613131353335643036356537613638306133636562
62363731373665323634626535633664393562323961326662643133393737303132363831306431
61383539616164353236643561623737383462626462663033323763353664653839343334613130
31623361323730646331323737303236306131323565313832356265323333353735636162646666
33336439643731633434376337363766663563646337363936363930666135636430646233643232
32646534336361333162333362636135623466306261313832333262656332393934
